"Espanola" "Fernandina" "Floreana" "Genovesa" "Isabela" "Marchena" "Pinta" "Pinzon" "San_Cristobal" "Santa_Cruz" "Santa_Fe" "Santiago"
"Espanola" 0 0.486486486486487 0.382456140350877 0.472222222222222 0.458461538461538 0.538461538461538 0.387387387387387 0.322916666666667 0.416949152542373 0.434650455927052 0.282352941176471 0.44
"Fernandina" 0.486486486486487 0 0.350157728706625 0.625 0.294117647058824 0.577142857142857 0.283464566929134 0.508928571428571 0.400611620795107 0.379501385041551 0.524752475247525 0.319277108433735
"Floreana" 0.382456140350877 0.350157728706625 0 0.640167364016736 0.195238095238095 0.65546218487395 0.331230283911672 0.372822299651568 0.18974358974359 0.188679245283019 0.486792452830189 0.2
"Genovesa" 0.472222222222222 0.625 0.640167364016736 0 0.663082437275986 0.402061855670103 0.545454545454545 0.575342465753425 0.686746987951807 0.674911660777385 0.387096774193548 0.62992125984252
"Isabela" 0.458461538461538 0.294117647058824 0.195238095238095 0.663082437275986 0 0.676258992805755 0.333333333333333 0.467889908256881 0.195348837209302 0.137931034482759 0.554098360655738 0.140229885057471
"Marchena" 0.538461538461538 0.577142857142857 0.65546218487395 0.402061855670103 0.676258992805755 0 0.52 0.641379310344828 0.653225806451613 0.687943262411348 0.447154471544715 0.652173913043478
"Pinta" 0.387387387387387 0.283464566929134 0.331230283911672 0.545454545454545 0.333333333333333 0.52 0 0.366071428571429 0.363914373088685 0.362880886426593 0.405940594059406 0.289156626506024
"Pinzon" 0.322916666666667 0.508928571428571 0.372822299651568 0.575342465753425 0.467889908256881 0.641379310344828 0.366071428571429 0 0.447811447811448 0.450151057401813 0.418604651162791 0.43046357615894
"San_Cristobal" 0.416949152542373 0.400611620795107 0.18974358974359 0.686746987951807 0.195348837209302 0.653225806451613 0.363914373088685 0.447811447811448 0 0.170506912442396 0.52 0.214814814814815
"Santa_Cruz" 0.434650455927052 0.379501385041551 0.188679245283019 0.674911660777385 0.137931034482759 0.687943262411348 0.362880886426593 0.450151057401813 0.170506912442396 0 0.540453074433657 0.138952164009112
"Santa_Fe" 0.282352941176471 0.524752475247525 0.486792452830189 0.387096774193548 0.554098360655738 0.447154471544715 0.405940594059406 0.418604651162791 0.52 0.540453074433657 0 0.5
"Santiago" 0.44 0.319277108433735 0.2 0.62992125984252 0.140229885057471 0.652173913043478 0.289156626506024 0.43046357615894 0.214814814814815 0.138952164009112 0.5 0
