"Espanola" "Fernandina" "Floreana" "Genovesa" "Isabela" "Marchena" "Pinta" "Pinzon" "San_Cristobal" "Santa_Cruz" "Santa_Fe" "Santiago"
"Espanola" 0 0.489177489177489 0.375838926174497 0.464052287581699 0.461538461538462 0.549668874172185 0.390557939914163 0.306930693069307 0.409090909090909 0.430232558139535 0.270718232044199 0.435897435897436
"Fernandina" 0.489177489177489 0 0.349544072948328 0.619565217391304 0.295392953929539 0.56043956043956 0.287878787878788 0.510729613733906 0.404129793510324 0.381333333333333 0.518867924528302 0.323615160349854
"Floreana" 0.375838926174497 0.349544072948328 0 0.625498007968127 0.197247706422018 0.646586345381526 0.329305135951662 0.366666666666667 0.187192118226601 0.18552036199095 0.469534050179211 0.2
"Genovesa" 0.464052287581699 0.619565217391304 0.625498007968127 0 0.656357388316151 0.403846153846154 0.537634408602151 0.561290322580645 0.670498084291188 0.663299663299663 0.373134328358209 0.622641509433962
"Isabela" 0.461538461538462 0.295392953929539 0.197247706422018 0.656357388316151 0 0.667820069204152 0.331536388140162 0.470588235294118 0.197309417040359 0.136929460580913 0.54858934169279 0.142222222222222
"Marchena" 0.549668874172185 0.56043956043956 0.646586345381526 0.403846153846154 0.667820069204152 0 0.510869565217391 0.647058823529412 0.652509652509653 0.68135593220339 0.454545454545455 0.650190114068441
"Pinta" 0.390557939914163 0.287878787878788 0.329305135951662 0.537634408602151 0.331536388140162 0.510869565217391 0 0.370212765957447 0.360703812316716 0.358090185676393 0.401869158878505 0.28695652173913
"Pinzon" 0.306930693069307 0.510729613733906 0.366666666666667 0.561290322580645 0.470588235294118 0.647058823529412 0.370212765957447 0 0.438709677419355 0.445086705202312 0.398907103825137 0.426751592356688
"San_Cristobal" 0.409090909090909 0.404129793510324 0.187192118226601 0.670498084291188 0.197309417040359 0.652509652509653 0.360703812316716 0.438709677419355 0 0.168141592920354 0.501730103806228 0.20952380952381
"Santa_Cruz" 0.430232558139535 0.381333333333333 0.18552036199095 0.663299663299663 0.136929460580913 0.68135593220339 0.358090185676393 0.445086705202312 0.168141592920354 0 0.526153846153846 0.140350877192982
"Santa_Fe" 0.270718232044199 0.518867924528302 0.469534050179211 0.373134328358209 0.54858934169279 0.454545454545455 0.401869158878505 0.398907103825137 0.501730103806228 0.526153846153846 0 0.488054607508532
"Santiago" 0.435897435897436 0.323615160349854 0.2 0.622641509433962 0.142222222222222 0.650190114068441 0.28695652173913 0.426751592356688 0.20952380952381 0.140350877192982 0.488054607508532 0
