"Espanola" "Fernandina" "Floreana" "Genovesa" "Isabela" "Marchena" "Pinta" "Pinzon" "San_Cristobal" "Santa_Cruz" "Santa_Fe" "Santiago"
"Espanola" 0 0.466666666666667 0.176470588235294 0.384615384615385 0.263157894736842 0.666666666666667 0.571428571428571 0.2 0.368421052631579 0.2 0.6 0.222222222222222
"Fernandina" 0.466666666666667 0 0.375 0.333333333333333 0.222222222222222 0.454545454545455 0.384615384615385 0.428571428571429 0.222222222222222 0.263157894736842 0.777777777777778 0.294117647058824
"Floreana" 0.176470588235294 0.375 0 0.428571428571429 0.1 0.692307692307692 0.466666666666667 0.25 0.2 0.142857142857143 0.636363636363636 0.157894736842105
"Genovesa" 0.384615384615385 0.333333333333333 0.428571428571429 0 0.375 0.333333333333333 0.454545454545455 0.5 0.375 0.411764705882353 1 0.466666666666667
"Isabela" 0.263157894736842 0.222222222222222 0.1 0.375 0 0.466666666666667 0.294117647058824 0.333333333333333 0.0909090909090909 0.0434782608695652 0.692307692307692 0.142857142857143
"Marchena" 0.666666666666667 0.454545454545455 0.692307692307692 0.333333333333333 0.466666666666667 0 0.4 0.636363636363636 0.466666666666667 0.5 1 0.571428571428571
"Pinta" 0.571428571428571 0.384615384615385 0.466666666666667 0.454545454545455 0.294117647058824 0.4 0 0.384615384615385 0.411764705882353 0.333333333333333 0.75 0.375
"Pinzon" 0.2 0.428571428571429 0.25 0.5 0.333333333333333 0.636363636363636 0.384615384615385 0 0.444444444444444 0.263157894736842 0.555555555555556 0.294117647058824
"San_Cristobal" 0.368421052631579 0.222222222222222 0.2 0.375 0.0909090909090909 0.466666666666667 0.411764705882353 0.444444444444444 0 0.130434782608696 0.846153846153846 0.142857142857143
"Santa_Cruz" 0.2 0.263157894736842 0.142857142857143 0.411764705882353 0.0434782608695652 0.5 0.333333333333333 0.263157894736842 0.130434782608696 0 0.714285714285714 0.181818181818182
"Santa_Fe" 0.6 0.777777777777778 0.636363636363636 1 0.692307692307692 1 0.75 0.555555555555556 0.846153846153846 0.714285714285714 0 0.666666666666667
"Santiago" 0.222222222222222 0.294117647058824 0.157894736842105 0.466666666666667 0.142857142857143 0.571428571428571 0.375 0.294117647058824 0.142857142857143 0.181818181818182 0.666666666666667 0
