"Espanola" "Fernandina" "Floreana" "Genovesa" "Isabela" "Marchena" "Pinta" "Pinzon" "San_Cristobal" "Santa_Cruz" "Santa_Fe" "Santiago"
"Espanola" 0 0.512953367875648 0.40495867768595 0.491525423728814 0.469090909090909 0.572649572649573 0.403141361256544 0.341614906832298 0.417004048582996 0.442028985507246 0.282758620689655 0.450980392156863
"Fernandina" 0.512953367875648 0 0.335740072202166 0.660130718954248 0.270967741935484 0.605263157894737 0.292035398230089 0.520408163265306 0.382978723404255 0.363344051446945 0.544444444444444 0.310344827586207
"Floreana" 0.40495867768595 0.335740072202166 0 0.653465346534653 0.197771587743733 0.671641791044776 0.309090909090909 0.379591836734694 0.190332326283988 0.194444444444444 0.48471615720524 0.185840707964602
"Genovesa" 0.491525423728814 0.660130718954248 0.653465346534653 0 0.685106382978723 0.402597402597403 0.576158940397351 0.619834710743802 0.681159420289855 0.694915254237288 0.39047619047619 0.655813953488372
"Isabela" 0.469090909090909 0.270967741935484 0.197771587743733 0.685106382978723 0 0.700854700854701 0.324675324675325 0.482014388489209 0.197802197802198 0.139949109414758 0.541984732824427 0.134408602150538
"Marchena" 0.572649572649573 0.605263157894737 0.671641791044776 0.402597402597403 0.700854700854701 0 0.56 0.666666666666667 0.660194174757282 0.702127659574468 0.461538461538462 0.672897196261682
"Pinta" 0.403141361256544 0.292035398230089 0.309090909090909 0.576158940397351 0.324675324675325 0.56 0 0.371134020618557 0.335714285714286 0.339805825242718 0.415730337078652 0.277777777777778
"Pinzon" 0.341614906832298 0.520408163265306 0.379591836734694 0.619834710743802 0.482014388489209 0.666666666666667 0.371134020618557 0 0.44 0.455197132616487 0.405405405405405 0.441860465116279
"San_Cristobal" 0.417004048582996 0.382978723404255 0.190332326283988 0.681159420289855 0.197802197802198 0.660194174757282 0.335714285714286 0.44 0 0.183561643835616 0.504273504273504 0.209302325581395
"Santa_Cruz" 0.442028985507246 0.363344051446945 0.194444444444444 0.694915254237288 0.139949109414758 0.702127659574468 0.339805825242718 0.455197132616487 0.183561643835616 0 0.52851711026616 0.136729222520107
"Santa_Fe" 0.282758620689655 0.544444444444444 0.48471615720524 0.39047619047619 0.541984732824427 0.461538461538462 0.415730337078652 0.405405405405405 0.504273504273504 0.52851711026616 0 0.487603305785124
"Santiago" 0.450980392156863 0.310344827586207 0.185840707964602 0.655813953488372 0.134408602150538 0.672897196261682 0.277777777777778 0.441860465116279 0.209302325581395 0.136729222520107 0.487603305785124 0
