"Espanola" "Fernandina" "Floreana" "Genovesa" "Isabela" "Marchena" "Pinta" "Pinzon" "San_Cristobal" "Santa_Cruz" "Santa_Fe" "Santiago"
"Espanola" 0 0.391304347826087 0.26984126984127 0.365853658536585 0.416666666666667 0.5 0.404255319148936 0.191489361702128 0.4 0.376623376623377 0.315789473684211 0.375
"Fernandina" 0.391304347826087 0 0.409836065573771 0.384615384615385 0.371428571428571 0.315789473684211 0.2 0.422222222222222 0.441176470588235 0.413333333333333 0.444444444444444 0.354838709677419
"Floreana" 0.26984126984127 0.409836065573771 0 0.5 0.172413793103448 0.563636363636364 0.451612903225806 0.32258064516129 0.176470588235294 0.152173913043478 0.471698113207547 0.265822784810127
"Genovesa" 0.365853658536585 0.384615384615385 0.5 0 0.507692307692308 0.393939393939394 0.35 0.35 0.587301587301587 0.514285714285714 0.354838709677419 0.473684210526316
"Isabela" 0.416666666666667 0.371428571428571 0.172413793103448 0.507692307692308 0 0.5 0.352112676056338 0.408450704225352 0.170212765957447 0.108910891089109 0.612903225806452 0.181818181818182
"Marchena" 0.5 0.315789473684211 0.563636363636364 0.393939393939394 0.5 0 0.282051282051282 0.58974358974359 0.580645161290323 0.565217391304348 0.466666666666667 0.535714285714286
"Pinta" 0.404255319148936 0.2 0.451612903225806 0.35 0.352112676056338 0.282051282051282 0 0.391304347826087 0.478260869565217 0.447368421052632 0.405405405405405 0.365079365079365
"Pinzon" 0.191489361702128 0.422222222222222 0.32258064516129 0.35 0.408450704225352 0.58974358974359 0.391304347826087 0 0.449275362318841 0.394736842105263 0.459459459459459 0.365079365079365
"San_Cristobal" 0.4 0.441176470588235 0.176470588235294 0.587301587301587 0.170212765957447 0.580645161290323 0.478260869565217 0.449275362318841 0 0.111111111111111 0.566666666666667 0.209302325581395
"Santa_Cruz" 0.376623376623377 0.413333333333333 0.152173913043478 0.514285714285714 0.108910891089109 0.565217391304348 0.447368421052632 0.394736842105263 0.111111111111111 0 0.582089552238806 0.182795698924731
"Santa_Fe" 0.315789473684211 0.444444444444444 0.471698113207547 0.354838709677419 0.612903225806452 0.466666666666667 0.405405405405405 0.459459459459459 0.566666666666667 0.582089552238806 0 0.555555555555556
"Santiago" 0.375 0.354838709677419 0.265822784810127 0.473684210526316 0.181818181818182 0.535714285714286 0.365079365079365 0.365079365079365 0.209302325581395 0.182795698924731 0.555555555555556 0
