"Espanola" "Fernandina" "Floreana" "Genovesa" "Isabela" "Marchena" "Pinta" "Pinzon" "San_Cristobal" "Santa_Cruz" "Santa_Fe" "Santiago"
"Espanola" 0 589.91 113.92 47.31 4653.59 67.08 1.71 44.87 501.72 931.61 38.06 513.98
"Fernandina" 589.91 0 475.99 637.22 4063.68 522.83 591.62 634.78 88.1900000000001 341.7 627.97 75.9300000000001
"Floreana" 113.92 475.99 0 161.23 4539.67 46.84 115.63 158.79 387.8 817.69 151.98 400.06
"Genovesa" 47.31 637.22 161.23 0 4700.9 114.39 45.6 2.44 549.03 978.92 9.25 561.29
"Isabela" 4653.59 4063.68 4539.67 4700.9 0 4586.51 4655.3 4698.46 4151.87 3721.98 4691.65 4139.61
"Marchena" 67.08 522.83 46.84 114.39 4586.51 0 68.79 111.95 434.64 864.53 105.14 446.9
"Pinta" 1.71 591.62 115.63 45.6 4655.3 68.79 0 43.16 503.43 933.32 36.35 515.69
"Pinzon" 44.87 634.78 158.79 2.44 4698.46 111.95 43.16 0 546.59 976.48 6.81 558.85
"San_Cristobal" 501.72 88.1900000000001 387.8 549.03 4151.87 434.64 503.43 546.59 0 429.89 539.78 12.26
"Santa_Cruz" 931.61 341.7 817.69 978.92 3721.98 864.53 933.32 976.48 429.89 0 969.67 417.63
"Santa_Fe" 38.06 627.97 151.98 9.25 4691.65 105.14 36.35 6.81 539.78 969.67 0 552.04
"Santiago" 513.98 75.9300000000001 400.06 561.29 4139.61 446.9 515.69 558.85 12.26 417.63 552.04 0
