"SMR" "SMG" "TER" "GRA" "SJG" "PIC" "FAI" "FLO" "COR"
"SMR" 0 666.64 309.21 37.3 154.38 355.54 77.78 43.7 83.05
"SMG" 666.64 0 357.43 703.94 512.26 311.1 588.86 622.94 749.69
"TER" 309.21 357.43 0 346.51 154.83 46.33 231.43 265.51 392.26
"GRA" 37.3 703.94 346.51 0 191.68 392.84 115.08 81 45.75
"SJG" 154.38 512.26 154.83 191.68 0 201.16 76.6 110.68 237.43
"PIC" 355.54 311.1 46.33 392.84 201.16 0 277.76 311.84 438.59
"FAI" 77.78 588.86 231.43 115.08 76.6 277.76 0 34.08 160.83
"FLO" 43.7 622.94 265.51 81 110.68 311.84 34.08 0 126.75
"COR" 83.05 749.69 392.26 45.75 237.43 438.59 160.83 126.75 0
