"Espanola" "Fernandina" "Floreana" "Genovesa" "Isabela" "Marchena" "Pinta" "Pinzon" "San_Cristobal" "Santa_Cruz" "Santa_Fe" "Santiago"
"Espanola" 0 0.568627450980392 0.355932203389831 0.62962962962963 0.428571428571429 0.533333333333333 0.446808510638298 0.463414634146341 0.403508771929825 0.375 0.466666666666667 0.366666666666667
"Fernandina" 0.568627450980392 0 0.257142857142857 0.736842105263158 0.234567901234568 0.609756097560976 0.310344827586207 0.423076923076923 0.264705882352941 0.28 0.707317073170732 0.23943661971831
"Floreana" 0.355932203389831 0.257142857142857 0 0.782608695652174 0.168539325842697 0.673469387755102 0.363636363636364 0.333333333333333 0.105263157894737 0.156626506024096 0.673469387755102 0.189873417721519
"Genovesa" 0.62962962962963 0.736842105263158 0.782608695652174 0 0.789473684210526 0.411764705882353 0.705882352941177 0.714285714285714 0.818181818181818 0.764705882352941 0.529411764705882 0.74468085106383
"Isabela" 0.428571428571429 0.234567901234568 0.168539325842697 0.789473684210526 0 0.7 0.298701298701299 0.408450704225352 0.172413793103448 0.0638297872340425 0.666666666666667 0.111111111111111
"Marchena" 0.533333333333333 0.609756097560976 0.673469387755102 0.411764705882353 0.7 0 0.621621621621622 0.67741935483871 0.617021276595745 0.666666666666667 0.5 0.68
"Pinta" 0.446808510638298 0.310344827586207 0.363636363636364 0.705882352941177 0.298701298701299 0.621621621621622 0 0.333333333333333 0.375 0.267605633802817 0.567567567567568 0.194029850746269
"Pinzon" 0.463414634146341 0.423076923076923 0.333333333333333 0.714285714285714 0.408450704225352 0.67741935483871 0.333333333333333 0 0.379310344827586 0.353846153846154 0.612903225806452 0.344262295081967
"San_Cristobal" 0.403508771929825 0.264705882352941 0.105263157894737 0.818181818181818 0.172413793103448 0.617021276595745 0.375 0.379310344827586 0 0.135802469135802 0.74468085106383 0.220779220779221
"Santa_Cruz" 0.375 0.28 0.156626506024096 0.764705882352941 0.0638297872340425 0.666666666666667 0.267605633802817 0.353846153846154 0.135802469135802 0 0.62962962962963 0.0952380952380952
"Santa_Fe" 0.466666666666667 0.707317073170732 0.673469387755102 0.529411764705882 0.666666666666667 0.5 0.567567567567568 0.612903225806452 0.74468085106383 0.62962962962963 0 0.64
"Santiago" 0.366666666666667 0.23943661971831 0.189873417721519 0.74468085106383 0.111111111111111 0.68 0.194029850746269 0.344262295081967 0.220779220779221 0.0952380952380952 0.64 0
