"Espanola" "Fernandina" "Floreana" "Genovesa" "Isabela" "Marchena" "Pinta" "Pinzon" "San_Cristobal" "Santa_Cruz" "Santa_Fe" "Santiago"
"Espanola" 0 0.5 0.2 0.363636363636364 0.375 0.7 0.52 0.12 0.3125 0.257142857142857 0.333333333333333 0.266666666666667
"Fernandina" 0.5 0 0.357142857142857 0.4 0.266666666666667 0.333333333333333 0.391304347826087 0.478260869565217 0.333333333333333 0.333333333333333 0.578947368421053 0.357142857142857
"Floreana" 0.2 0.357142857142857 0 0.384615384615385 0.166666666666667 0.583333333333333 0.379310344827586 0.241379310344828 0.166666666666667 0.128205128205128 0.36 0.176470588235294
"Genovesa" 0.363636363636364 0.4 0.384615384615385 0 0.428571428571429 0.375 0.428571428571429 0.428571428571429 0.357142857142857 0.419354838709677 0.529411764705882 0.461538461538462
"Isabela" 0.375 0.266666666666667 0.166666666666667 0.428571428571429 0 0.461538461538462 0.290322580645161 0.419354838709677 0.157894736842105 0.0731707317073171 0.555555555555556 0.166666666666667
"Marchena" 0.7 0.333333333333333 0.583333333333333 0.375 0.461538461538462 0 0.368421052631579 0.684210526315789 0.538461538461538 0.517241379310345 0.733333333333333 0.583333333333333
"Pinta" 0.52 0.391304347826087 0.379310344827586 0.428571428571429 0.290322580645161 0.368421052631579 0 0.416666666666667 0.354838709677419 0.294117647058824 0.5 0.310344827586207
"Pinzon" 0.12 0.478260869565217 0.241379310344828 0.428571428571429 0.419354838709677 0.684210526315789 0.416666666666667 0 0.354838709677419 0.294117647058824 0.3 0.310344827586207
"San_Cristobal" 0.3125 0.333333333333333 0.166666666666667 0.357142857142857 0.157894736842105 0.538461538461538 0.354838709677419 0.354838709677419 0 0.121951219512195 0.481481481481481 0.111111111111111
"Santa_Cruz" 0.257142857142857 0.333333333333333 0.128205128205128 0.419354838709677 0.0731707317073171 0.517241379310345 0.294117647058824 0.294117647058824 0.121951219512195 0 0.466666666666667 0.179487179487179
"Santa_Fe" 0.333333333333333 0.578947368421053 0.36 0.529411764705882 0.555555555555556 0.733333333333333 0.5 0.3 0.481481481481481 0.466666666666667 0 0.44
"Santiago" 0.266666666666667 0.357142857142857 0.176470588235294 0.461538461538462 0.166666666666667 0.583333333333333 0.310344827586207 0.310344827586207 0.111111111111111 0.179487179487179 0.44 0
