"El_Hierro" "La_Palma" "La_Gomera" "Tenerife" "Gran_Canaria" "Fuerteventura" "Lanzarote"
"El_Hierro" 0 0.9 9.9 8.45 13.9 18.9 14.4
"La_Palma" 0.9 0 9 7.55 13 18 13.5
"La_Gomera" 9.9 9 0 1.45 4 9 4.5
"Tenerife" 8.45 7.55 1.45 0 5.45 10.45 5.95
"Gran_Canaria" 13.9 13 4 5.45 0 5 0.5
"Fuerteventura" 18.9 18 9 10.45 5 0 4.5
"Lanzarote" 14.4 13.5 4.5 5.95 0.5 4.5 0
