"","V1","V2","V3","V4","V5","V6","V7","V8","V9","V10","V11","V12","V13","V14","V15","V16","V17","V18","V19","V20","V21","V22","V23","V24","V25","V26","V27","V28","V29","V30","V31","V32","V33","V34","V35","V36","V37","V38","V39","V40","V41","V42","V43","V44","V45","V46"
"1",0,5074.58941467736,4290.4173197786,2134.27174050593,4129.7971361907,5068.46215521509,4600.09217678315,5279.42518783049,5861.19006930572,6594.70903784873,5852.18862826243,4794.56488012082,4156.75014918837,5264.49584140883,4936.48804451417,5102.63919476411,2563.096111029,3772.89786324712,4130.72858194807,3379.92602034297,1906.44058472259,2247.71836572877,1610.10011964424,2064.52271065438,3128.24078142133,3941.67427486033,3942.11115533315,3141.86528213056,4335.40435514439,3217.55840417587,3996.07213475095,3389.42537630528,3846.37446968822,3491.26928239142,2929.57769756282,2938.15770311788,2234.82160307802,2083.5026962677,3104.15565528211,4672.92936043796,6725.38461606158,5109.44620395114,6101.18661365106,5431.53297318832,6974.94428858891,5343.7246868168
"2",5074.58941467736,0,2352.0965735214,3256.06787420567,1859.38047945851,1471.76623893944,2056.87171939691,1307.57470346322,3443.79456436754,5299.73778514485,3161.5900772504,4414.91406890525,2535.61418636786,3300.24812359904,3264.55600798503,3121.21905535777,2864.11788647515,2840.50770069267,3011.58553121053,2801.51511768214,3371.5980908434,5952.92543615838,4294.80271053097,5687.43190181898,4874.73624089149,6050.73706598257,6965.53348014065,6046.81566013868,6500.77030959484,6185.24004056604,7234.60804156551,6623.79112479715,6914.8350113894,6690.56794704826,6061.87539793858,3425.7546491436,3082.26564877903,4253.42251130767,5375.5705652247,4921.63907523815,7575.17331240535,6827.06592891903,7605.50435761758,6002.88031574666,7864.9108114727,6122.74265789296
"3",4290.4173197786,2352.0965735214,0,4765.58048195061,1650.69682117932,1919.07532230517,3458.36482947404,1705.53149667722,2632.57568964755,3019.64759831341,2644.00129613187,2888.41402340295,3277.55365216871,4352.22932677692,3944.96010577699,4100.86081556889,2088.62391586885,2935.20103528739,3349.83278147217,2657.1249821631,4591.39056878131,4093.6628439788,4728.12256298591,4112.20638822315,5337.88019843926,4606.64190882393,4810.8372694214,4126.05807311792,4463.41665175173,4222.17392598434,5500.53998401367,4663.32061477211,4828.68561752213,5175.47354109676,5150.67776610266,3358.58917343667,3387.53446510809,4874.19421209644,5156.44033605869,5080.78906709908,7446.19880255952,6412.45898975401,7204.98664036674,5983.86997325908,7703.15383123455,6125.70625715794
"4",2134.27174050593,3256.06787420567,4765.58048195061,0,3959.03804572417,2781.64164618955,3765.65586287338,3088.96068854589,3024.92911916423,4730.70174136199,3340.16177433775,3931.57355751889,3316.55318899061,3877.23669833287,3959.85181435248,3792.84829072269,3416.4485108363,3608.56329386523,3882.50128172536,3770.23063290097,1343.25433424674,5107.44924267865,2452.60903534029,4604.92335136193,3108.63690470121,4792.9168282972,6344.41374646399,5460.15515063655,6024.05595450698,5558.84717963898,5797.43357712932,5529.22436634331,6108.38738722133,5213.85754113923,4476.97560608895,2342.84125449503,1696.42177037796,2551.50889564454,3758.95963055609,4133.57052866876,6361.58700045674,5640.7326380314,6364.44510600757,5031.22465959623,6631.44430791559,5233.9467083798
"5",4129.7971361907,1859.38047945851,1650.69682117932,3959.03804572417,0,1345.03221472913,2271.8280133179,1094.76992684604,2070.53256933515,2392.41580512758,2046.49800745233,2311.90311842659,3041.09629962128,4120.30081641544,3703.11072774603,3748.57222035585,2016.54608879616,2700.95259387091,3119.39958551546,2513.70773635692,3920.84722356959,3843.54720128782,4318.08165839523,3880.87937841292,4927.9633696897,4729.75539408716,4504.47360059061,3882.06280916423,4198.51712447989,3957.62175226115,5089.05094723325,4366.92436555919,4510.71331520775,4779.53789899386,4757.32185959514,2737.0056149952,2814.01632122956,4429.13485253668,4813.71804775175,4398.50659181863,6818.39967694815,5847.23270522692,6661.11438940978,5335.72789320126,7082.11513138565,5479.86391928019
"6",5068.46215521509,1471.76623893944,1919.07532230517,2781.64164618955,1345.03221472913,0,758.657503507687,895.115902376876,1511.29156311292,2036.90878966234,1693.51347647518,1770.11770043647,2121.07210620668,3208.20828412828,2880.59501477013,2974.66949196254,2113.39853081283,2126.28725857103,2369.9577221656,2030.26475770431,2906.27771839363,4817.34885651089,3871.38529406618,4772.11503468237,4422.80426640558,5035.88954887789,5329.84380594161,4701.93302543101,4930.11922885693,4789.7257663765,5938.72031798767,5152.67963597466,5363.64394740806,5523.44570724031,5046.53009216102,2101.84166029923,2147.018814131,3846.51096038101,4752.43226329055,3583.98410815812,6065.5186502722,5577.29429345954,6276.33231283006,4597.90452004688,6311.4812743467,4829.44158903145
"7",4600.09217678315,2056.87171939691,3458.36482947404,3765.65586287338,2271.8280133179,758.657503507687,0,1652.75380678248,1641.85191474576,1648.62680557661,1354.97024910165,1879.69026233529,2417.20008964589,3467.7683178388,3086.34287852681,2621.33832482445,1927.18557360503,2132.83733076822,2501.1469918132,2114.9698396681,3766.84413777766,4249.81252749867,4369.91655647546,4292.9827502675,5024.57529459637,4765.28840561364,4805.04561810368,4211.51487703237,4485.07309005107,4294.86750875981,5223.2295760516,4616.80137909017,4833.23597790843,4913.63401469728,4777.42682823415,2439.02209870414,2617.96681507243,4440.38398853458,4895.66382790417,4085.03385135401,6489.13585884711,5658.67157210101,6416.8664065312,5040.40485524782,6745.5789860988,5192.90831869216
"8",5279.42518783049,1307.57470346322,1705.53149667722,3088.96068854589,1094.76992684604,895.115902376876,1652.75380678248,0,1622.99162033135,2032.7898545241,1685.03885894164,1875.34608068717,2623.89302856324,3600.74650046239,3347.19215829843,3366.7269644833,2325.73676131115,2688.41881639623,2937.39329453012,2554.85481757005,3182.21295249785,4733.905463888,4131.99615225473,4746.16819836929,4646.48926640362,5039.83195382123,5267.91920967197,4593.19567828807,4851.03116030721,4692.97925727187,5915.71513648883,5084.63376726918,5307.00049186811,5478.435177801,5019.83030111465,2228.69971162146,2272.83695234309,4082.54519480088,4856.25494666412,3788.59413014029,6259.45328817678,5656.56162388735,6388.20371343905,4778.90851533731,6525.49003945496,4967.61175270452
"9",5861.19006930572,3443.79456436754,2632.57568964755,3024.92911916423,2070.53256933515,1511.29156311292,1641.85191474576,1622.99162033135,0,3210.01601451855,1335.78524455703,645.707370133923,1580.26964139989,2145.40833522232,2283.97082832861,2065.36291422072,2701.63558343684,2177.25031374172,2204.53081387111,2407.1595790763,3133.40855640849,6361.11052686614,4012.61612606563,5990.59670579054,4601.00608432567,6394.85368435028,7390.57020316955,6552.24232563912,7016.59595988753,6637.13645956859,7277.64492494274,6768.30953724042,7275.65556684322,6690.07986697347,5338.29322275895,1240.65733363828,1777.86315147971,3980.13976528296,5172.91808318445,2627.42902630709,5115.76428114776,5075.66856351101,5562.23110248347,3640.1652118329,5372.68257626997,3942.00295721465
"10",6594.70903784873,5299.73778514485,3019.64759831341,4730.70174136199,2392.41580512758,2036.90878966234,1648.62680557661,2032.7898545241,3210.01601451855,0,928.637023727687,1475.24421441238,1302.21549132603,1665.3176551644,1902.32252033662,1649.32638340984,2666.95262080491,2076.73368283015,2040.9298668759,2305.12778027845,4728.02988052322,7383.50520471935,5311.80148882106,7067.40645016966,5934.51142886213,6880.12634570286,8348.66460896933,7494.39627321775,7874.52863132149,7604.23789674961,8482.99152908321,7873.54331875704,8333.99165600178,7936.11406476195,6750.60322187091,2234.06149618424,3439.8110368191,5356.09303004266,6480.145907464,3450.28387299545,5873.68321209629,5927.66752212246,6335.86653588564,4455.09143129128,6138.18274450823,4764.77168759144
"11",5852.18862826243,3161.5900772504,2644.00129613187,3340.16177433775,2046.49800745233,1693.51347647518,1354.97024910165,1685.03885894164,1335.78524455703,928.637023727687,0,1335.2683723414,1195.60562242935,1730.54977362224,1898.02547185529,1672.31384453526,2415.34527345691,1886.29042254226,1884.93580529468,2064.33883666427,3414.07411104141,6118.16811085757,4193.17229469016,5844.57406249101,4806.23270113832,6605.41895060149,6953.06019625678,6193.88289385714,6557.18444977613,6314.14881136664,7221.74307757063,6515.57301926817,6916.74289826899,6669.73190170608,5800.07367787097,1964.60112221851,2394.30417013504,4234.44157860506,5325.32459185847,3228.11973584152,5685.06771290818,5512.02737823593,6020.72090072467,4226.01555431448,5939.69550159336,4470.42163021218
"12",4794.56488012082,4414.91406890525,2888.41402340295,3931.57355751889,2311.90311842659,1770.11770043647,1879.69026233529,1875.34608068717,645.707370133923,1475.24421441238,1335.2683723414,0,1706.88702027987,2164.07926963234,2364.34173236049,2126.92364010166,2910.10192106006,2370.03030606153,2374.35342459506,2612.94781250691,3564.94393168298,6790.55053088954,4619.60293224443,6509.98237903024,5272.05463711763,6295.4375504381,7893.94869686605,6965.36176031592,7424.93850014519,7085.05773502145,7938.50963704532,7353.65257914341,7858.88203275178,7352.94050393831,6108.97336097632,1470.25313534175,2544.64360218758,4640.98469916824,5834.02113082191,2797.19887012788,5240.10940630976,5265.42910854819,5692.87601820105,3808.25266238627,5496.36191689014,4104.26578419106
"13",4156.75014918837,2535.61418636786,3277.55365216871,3316.55318899061,3041.09629962128,2121.07210620668,2417.20008964589,2623.89302856324,1580.26964139989,1302.21549132603,1195.60562242935,1706.88702027987,0,2513.1714286239,1241.9533613461,507.471390143715,3838.13530938889,1927.50636086469,1233.89299378184,2308.55778649631,3376.273710863,4170.24726755998,3920.07657447008,4108.8659285906,4682.05699951472,4867.69250809742,4739.48304954452,4197.77948442731,4477.39018971439,4281.71909732733,5161.36681397147,4582.4138169711,4763.78548127364,4936.33029508823,4863.94009516003,2214.46676573375,2573.83714137772,4075.56485854763,4837.95465430499,3587.04928265391,6024.08553292337,5546.3692318388,6237.19504712616,4571.15415125717,6284.01906239494,4818.73497395988
"14",5264.49584140883,3300.24812359904,4352.22932677692,3877.23669833287,4120.30081641544,3208.20828412828,3467.7683178388,3600.74650046239,2145.40833522232,1665.3176551644,1730.54977362224,2164.07926963234,2513.1714286239,0,508.248421786506,581.869748202867,4178.95998088561,2396.51741762544,1579.32918515181,3424.13131906647,3953.24554480879,5320.42147267635,4610.1447514746,5212.0371647299,5308.70486976717,5970.66335151377,5920.85784478963,5323.00315922569,5618.20241719329,5413.89727104935,6409.88426827734,5747.98506120581,5939.36022121062,6115.43206401549,5731.87604401739,2679.69951603904,3095.4729062394,4693.0890900801,5599.84776970308,3976.56218650272,6430.04984790384,6104.70088678386,6746.37623107681,4962.52270695438,6688.36771614607,5236.99150156062
"15",4936.48804451417,3264.55600798503,3944.96010577699,3959.85181435248,3703.11072774603,2880.59501477013,3086.34287852681,3347.19215829843,2283.97082832861,1902.32252033662,1898.02547185529,2364.34173236049,1241.9533613461,508.248421786506,0,864.439704394301,4488.75779983697,2274.14663120291,1410.13389235552,2918.01330625416,4031.45151582452,4909.33966858523,4583.49374112414,4841.06181219971,5331.57355529372,5408.93637232301,5417.64280911787,4876.95663744094,5123.02982028073,4967.82811920233,5962.6154848992,5312.2196810394,5453.34066154541,5736.27982281774,5608.52663809036,2852.79091874394,3211.10863474274,4721.7862948927,5513.89351890914,4151.98437650849,6578.02185917919,6134.09134703257,6815.4192109796,5124.57082215446,6840.81821384125,5371.34151065346
"16",5102.63919476411,3121.21905535777,4100.86081556889,3792.84829072269,3748.57222035585,2974.66949196254,2621.33832482445,3366.7269644833,2065.36291422072,1649.32638340984,1672.31384453526,2126.92364010166,507.471390143715,581.869748202867,864.439704394301,0,3395.29485601556,2001.53690104017,1451.39847429344,2586.84777120089,3863.73635294682,5148.77415865751,4529.49756524805,5054.19005498084,5232.74461075075,5772.24293698115,5727.10950632318,5135.92783029862,5411.5390791782,5232.04961919753,6256.22699778342,5558.12229676165,5746.99973379511,5964.25204904747,5619.06376827085,2633.80958628059,3007.28829834633,4619.91783503355,5501.60758932036,3965.22047447277,6427.91251781519,6067.83731686293,6723.39729491286,4966.66733790487,6679.21775504027,5231.34549631862
"17",2563.096111029,2864.11788647515,2088.62391586885,3416.4485108363,2016.54608879616,2113.39853081283,1927.18557360503,2325.73676131115,2701.63558343684,2666.95262080491,2415.34527345691,2910.10192106006,3838.13530938889,4178.95998088561,4488.75779983697,3395.29485601556,0,3942.38406147136,4327.85073872917,2379.01872754913,3240.8685803739,2293.94562047988,2899.45937346856,2279.62769606368,3871.90560770383,2277.74871160306,2375.48789633022,2091.12542140145,2066.86346209586,2244.12200208219,2597.04503900094,2513.30241439844,2479.19701263196,2638.81455067177,2692.41403018309,3304.9695653068,3137.34741065304,3263.70259330634,3224.78304198842,4814.27247062373,6902.71638503666,4955.40064111592,6040.52055981713,5537.84866877484,7192.99103006251,5332.47106486416
"18",3772.89786324712,2840.50770069267,2935.20103528739,3608.56329386523,2700.95259387091,2126.28725857103,2132.83733076822,2688.41881639623,2177.25031374172,2076.73368283015,1886.29042254226,2370.03030606153,1927.50636086469,2396.51741762544,2274.14663120291,2001.53690104017,3942.38406147136,0,803.679549095629,1129.40229208547,3606.99041134898,3727.00681056885,3837.99842592514,3667.43378274716,4650.46263329371,4387.45917966681,4283.30255112737,3744.52728318791,4023.63447812944,3827.76347311068,4583.80142722389,4116.54381307999,4325.81309071667,4355.42924353319,4509.99348775722,2878.32224060305,3059.87802044609,4065.25491703421,4579.61094256255,4310.70416057264,6838.64823928101,5836.99934847953,6676.93947487908,5306.244936755,7080.18911633375,5441.66937042371
"19",4130.72858194807,3011.58553121053,3349.83278147217,3882.50128172536,3119.39958551546,2369.9577221656,2501.1469918132,2937.39329453012,2204.53081387111,2040.9298668759,1884.93580529468,2374.35342459506,1233.89299378184,1579.32918515181,1410.13389235552,1451.39847429344,4327.85073872917,803.679549095629,0,1514.92304578162,3880.34340003362,3982.50553653179,4159.12279325311,3980.50134479337,4990.46359493748,4447.26012995575,4459.62655488266,3965.93087048578,4197.90883943145,4044.35630911018,4703.2326154548,4305.21800929802,4486.44055573345,4508.74767254962,4660.25059913485,2891.73735870389,3167.6084954443,4370.15634433149,4821.61561498638,4357.34537431538,6781.13967096135,5889.37972704407,6708.47356435894,5311.44295527071,7085.86242832024,5487.86407987613
"20",3379.92602034297,2801.51511768214,2657.1249821631,3770.23063290097,2513.70773635692,2030.26475770431,2114.9698396681,2554.85481757005,2407.1595790763,2305.12778027845,2064.33883666427,2612.94781250691,2308.55778649631,3424.13131906647,2918.01330625416,2586.84777120089,2379.01872754913,1129.40229208547,1514.92304578162,0,3674.877827162,3169.82692177287,3603.08613756638,3156.03794164266,4439.0484809196,3780.28325617467,3692.26286150116,3140.67443429315,3419.32077218933,3236.81743351524,4026.17193924789,3545.53996560578,3741.75900180555,3795.47566667553,4020.6665571026,3014.89898559949,3124.07905163295,3867.63732414377,4209.65943108664,4512.42894802688,6866.46232406332,5655.63945731408,6573.77346495446,5425.83752539918,7149.55064225458,5489.53668378633
"21",1906.44058472259,3371.5980908434,4591.39056878131,1343.25433424674,3920.84722356959,2906.27771839363,3766.84413777766,3182.21295249785,3133.40855640849,4728.02988052322,3414.07411104141,3564.94393168298,3376.273710863,3953.24554480879,4031.45151582452,3863.73635294682,3240.8685803739,3606.99041134898,3880.34340003362,3674.877827162,0,5344.92754220202,2760.64838926264,4881.63816357823,3389.52504990819,4754.56824516222,6545.61288203265,5655.11362349438,5947.99065635066,5780.15815784408,6213.31135044943,5812.28425520001,6296.12048224426,5565.71174766661,4517.47859860273,1849.28817107457,1145.99309077356,2813.12082817459,4017.79629823224,3655.63073354482,5869.93018122538,5396.13350828196,6052.76289881054,4552.61150785939,6091.50507736439,4854.29895903286
"22",2247.71836572877,5952.92543615838,4093.6628439788,5107.44924267865,3843.54720128782,4817.34885651089,4249.81252749867,4733.905463888,6361.11052686614,7383.50520471935,6118.16811085757,6790.55053088954,4170.24726755998,5320.42147267635,4909.33966858523,5148.77415865751,2293.94562047988,3727.00681056885,3982.50553653179,3169.82692177287,5344.92754220202,0,5587.9731836194,777.149334382602,3011.73757823708,1994.10351029215,5505.04394178126,3568.02825282824,2335.81762373491,5143.95621250643,2973.16000975138,2195.66419876458,3659.29369062888,2029.10270468722,989.661522692031,5908.71252133745,4983.13299222395,4150.65482803999,1275.54118027491,6248.30658202745,7061.71615732137,3306.9424453983,4398.22334572323,5860.70171575805,7312.8960996256,4700.91637916553
"23",1610.10011964424,4294.80271053097,4728.12256298591,2452.60903534029,4318.08165839523,3871.38529406618,4369.91655647546,4131.99615225473,4012.61612606563,5311.80148882106,4193.17229469016,4619.60293224443,3920.07657447008,4610.1447514746,4583.49374112414,4529.49756524805,2899.45937346856,3837.99842592514,4159.12279325311,3603.08613756638,2760.64838926264,5587.9731836194,0,6085.12466823976,1704.77640990326,4430.05886384491,7233.52815559974,5875.10262428686,5921.73945653137,6986.1243507214,5038.53319352134,5739.71700781165,6826.20086658508,4346.11249273624,3000.57070699835,2944.28593410939,2102.03396882399,1112.50324950954,2578.53151943574,4796.92073016363,7125.22674972714,5403.03782733608,6422.40929475538,5624.27948242797,7418.5046939128,5667.07147740583
"24",2064.52271065438,5687.43190181898,4112.20638822315,4604.92335136193,3880.87937841292,4772.11503468237,4292.9827502675,4746.16819836929,5990.59670579054,7067.40645016966,5844.57406249101,6509.98237903024,4108.8659285906,5212.0371647299,4841.06181219971,5054.19005498084,2279.62769606368,3667.43378274716,3980.50134479337,3156.03794164266,4881.63816357823,777.149334382602,6085.12466823976,0,4066.26313516576,2238.82945941694,3250.78130022634,2758.99959941394,3929.61401564335,2424.22578257502,3139.70778386692,2485.8360862539,3079.08159388704,2406.27457699317,1519.24132429455,6533.74925179599,5521.83090460859,5253.51129962855,1854.66679817811,7007.46541767305,7839.97865506466,3996.5204576101,5166.0206009836,6574.7750594903,8069.58598690871,5454.15312268011
"25",3128.24078142133,4874.73624089149,5337.88019843926,3108.63690470121,4927.9633696897,4422.80426640558,5024.57529459637,4646.48926640362,4601.00608432567,5934.51142886213,4806.23270113832,5272.05463711763,4682.05699951472,5308.70486976717,5331.57355529372,5232.74461075075,3871.90560770383,4650.46263329371,4990.46359493748,4439.0484809196,3389.52504990819,3011.73757823708,1704.77640990326,4066.26313516576,0,4429.45596550359,4916.41717939878,3764.93356352078,4577.64260351912,4764.05873017813,4258.70883588824,4369.64593068295,4607.33873213406,3364.93845288115,1814.6079888008,6348.65676011627,5205.25774708812,2178.28587829197,1703.3181531131,7420.1838634248,8300.19646991961,4490.65555981458,5757.60135980354,7134.01348829445,8463.42129306825,6054.72574358504
"26",3941.67427486033,6050.73706598257,4606.64190882393,4792.9168282972,4729.75539408716,5035.88954887789,4765.28840561364,5039.83195382123,6394.85368435028,6880.12634570286,6605.41895060149,6295.4375504381,4867.69250809742,5970.66335151377,5408.93637232301,5772.24293698115,2277.74871160306,4387.45917966681,4447.26012995575,3780.28325617467,4754.56824516222,1994.10351029215,4430.05886384491,2238.82945941694,4429.45596550359,0,1224.7027497468,1249.03797461751,1001.87596037338,1449.76873188008,1291.24911058602,1463.68967531992,1247.78205821134,1590.97687514658,2147.68252225585,5834.73514683021,4925.07145167684,4443.10673083305,2619.08600693931,6682.5124880001,7830.3189012787,4339.52152058581,5459.77836514823,6538.84004025418,8108.14018747705,5548.89906503304
"27",3942.11115533315,6965.53348014065,4810.8372694214,6344.41374646399,4504.47360059061,5329.84380594161,4805.04561810368,5267.91920967197,7390.57020316955,8348.66460896933,6953.06019625678,7893.94869686605,4739.48304954452,5920.85784478963,5417.64280911787,5727.10950632318,2375.48789633022,4283.30255112737,4459.62655488266,3692.26286150116,6545.61288203265,5505.04394178126,7233.52815559974,3250.78130022634,4916.41717939878,1224.7027497468,0,1389.29209915945,696.720515129143,787.075694830498,867.089165738634,657.135824563453,593.195158114086,866.794492736886,1679.99074163076,7339.4927573983,6561.20161868004,5792.78843988767,2413.46609767372,7055.58054314921,7713.94456841304,3780.07676424363,4841.4056582417,6445.11485758678,7877.49825675626,5162.17294668397
"28",3141.86528213056,6046.81566013868,4126.05807311792,5460.15515063655,3882.06280916423,4701.93302543101,4211.51487703237,4593.19567828807,6552.24232563912,7494.39627321775,6193.88289385714,6965.36176031592,4197.77948442731,5323.00315922569,4876.95663744094,5135.92783029862,2091.12542140145,3744.52728318791,3965.93087048578,3140.67443429315,5655.11362349438,3568.02825282824,5875.10262428686,2758.99959941394,3764.93356352078,1249.03797461751,1389.29209915945,0,1590.47408092195,312.919848678209,1480.8931440935,874.427204458362,1311.84840578654,959.389966770395,1132.24641916961,6470.81696838308,5569.29067145792,4771.00045522015,1770.77474664542,6545.84516753571,7335.23740763561,3416.4055830522,4495.37125222225,6062.54087572887,7586.05763124292,4847.57215284259
"29",4335.40435514439,6500.77030959484,4463.41665175173,6024.05595450698,4198.51712447989,4930.11922885693,4485.07309005107,4851.03116030721,7016.59595988753,7874.52863132149,6557.18444977613,7424.93850014519,4477.39018971439,5618.20241719329,5123.02982028073,5411.5390791782,2066.86346209586,4023.63447812944,4197.90883943145,3419.32077218933,5947.99065635066,2335.81762373491,5921.73945653137,3929.61401564335,4577.64260351912,1001.87596037338,696.720515129143,1590.47408092195,0,1111.57421767803,958.991906918604,1028.44909029685,857.774327188103,1155.38167984409,1872.26021213016,6726.68046063834,5778.53235984536,5171.68475983238,2515.5880858884,7024.00003748168,7865.24691662622,3995.24031658786,5072.71289090922,6552.64056900311,8034.04714986709,5359.14741394177
"30",3217.55840417587,6185.24004056604,4222.17392598434,5558.84717963898,3957.62175226115,4789.7257663765,4294.86750875981,4692.97925727187,6637.13645956859,7604.23789674961,6314.14881136664,7085.05773502145,4281.71909732733,5413.89727104935,4967.82811920233,5232.04961919753,2244.12200208219,3827.76347311068,4044.35630911018,3236.81743351524,5780.15815784408,5143.95621250643,6986.1243507214,2424.22578257502,4764.05873017813,1449.76873188008,787.075694830498,312.919848678209,1111.57421767803,0,1333.79179527457,742.786838676204,1135.56564185763,890.116558542772,1501.2657206446,7318.88063661879,6480.48523002694,5626.4556583132,2257.29834018521,6993.45848527242,7664.49167449168,3702.34114386892,4773.10131333164,6442.65634917242,7868.73510320233,5139.16412941347
"31",3996.07213475095,7234.60804156551,5500.53998401367,5797.43357712932,5089.05094723325,5938.72031798767,5223.2295760516,5915.71513648883,7277.64492494274,8482.99152908321,7221.74307757063,7938.50963704532,5161.36681397147,6409.88426827734,5962.6154848992,6256.22699778342,2597.04503900094,4583.80142722389,4703.2326154548,4026.17193924789,6213.31135044943,2973.16000975138,5038.53319352134,3139.70778386692,4258.70883588824,1291.24911058602,867.089165738634,1480.8931440935,958.991906918604,1333.79179527457,0,1546.15947830216,554.608488191882,683.133848881797,2731.25328270568,7864.88840324676,7472.73292402509,5428.10375270251,4665.68144362895,6595.94852326664,7259.94593097699,3835.02131881324,4741.55957305431,6075.45856318124,7515.7897252372,4766.50960449207
"32",3389.42537630528,6623.79112479715,4663.32061477211,5529.22436634331,4366.92436555919,5152.67963597466,4616.80137909017,5084.63376726918,6768.30953724042,7873.54331875704,6515.57301926817,7353.65257914341,4582.4138169711,5747.98506120581,5312.2196810394,5558.12229676165,2513.30241439844,4116.54381307999,4305.21800929802,3545.53996560578,5812.28425520001,2195.66419876458,5739.71700781165,2485.8360862539,4369.64593068295,1463.68967531992,657.135824563453,874.427204458362,1028.44909029685,742.786838676204,1546.15947830216,0,770.457888617776,382.430696573752,1388.29196965612,7334.94417777555,6637.71924036016,5619.82830692672,2900.16850601122,6631.92137247211,7226.95094980681,3348.4653672318,4391.24335273627,6002.36297875944,7487.57869437998,4623.7010190625
"33",3846.37446968822,6914.8350113894,4828.68561752213,6108.38738722133,4510.71331520775,5363.64394740806,4833.23597790843,5307.00049186811,7275.65556684322,8333.99165600178,6916.74289826899,7858.88203275178,4763.78548127364,5939.36022121062,5453.34066154541,5746.99973379511,2479.19701263196,4325.81309071667,4486.44055573345,3741.75900180555,6296.12048224426,3659.29369062888,6826.20086658508,3079.08159388704,4607.33873213406,1247.78205821134,593.195158114086,1311.84840578654,857.774327188103,1135.56564185763,554.608488191882,770.457888617776,0,747.231766645222,2255.97003530989,7312.80451096738,6478.69593437125,5540.22422185205,2870.38201874561,6883.39608953273,7627.90727071713,3867.67232629395,4893.25754767009,6408.62184281427,7898.71088066256,5094.03602558368
"34",3491.26928239142,6690.56794704826,5175.47354109676,5213.85754113923,4779.53789899386,5523.44570724031,4913.63401469728,5478.435177801,6690.07986697347,7936.11406476195,6669.73190170608,7352.94050393831,4936.33029508823,6115.43206401549,5736.27982281774,5964.25204904747,2638.81455067177,4355.42924353319,4508.74767254962,3795.47566667553,5565.71174766661,2029.10270468722,4346.11249273624,2406.27457699317,3364.93845288115,1590.97687514658,866.794492736886,959.389966770395,1155.38167984409,890.116558542772,683.133848881797,382.430696573752,747.231766645222,0,2589.08463282727,8060.60866181999,7663.20588887333,4798.33114147608,4782.01077116882,6824.09085911466,7425.65439136866,3960.48126396239,4857.03555997795,6246.4853939876,7722.96221301326,4915.10412980569
"35",2929.57769756282,6061.87539793858,5150.67776610266,4476.97560608895,4757.32185959514,5046.53009216102,4777.42682823415,5019.83030111465,5338.29322275895,6750.60322187091,5800.07367787097,6108.97336097632,4863.94009516003,5731.87604401739,5608.52663809036,5619.06376827085,2692.41403018309,4509.99348775722,4660.25059913485,4020.6665571026,4517.47859860273,989.661522692031,3000.57070699835,1519.24132429455,1814.6079888008,2147.68252225585,1679.99074163076,1132.24641916961,1872.26021213016,1501.2657206446,2731.25328270568,1388.29196965612,2255.97003530989,2589.08463282727,0,6416.90913387313,6464.13522299772,3555.77363199222,1969.02008499139,4607.10843322873,5348.84090359895,2130.67377475536,3026.36629940297,4128.43326623401,5628.30521519512,3007.68327165421
"36",2938.15770311788,3425.7546491436,3358.58917343667,2342.84125449503,2737.0056149952,2101.84166029923,2439.02209870414,2228.69971162146,1240.65733363828,2234.06149618424,1964.60112221851,1470.25313534175,2214.46676573375,2679.69951603904,2852.79091874394,2633.80958628059,3304.9695653068,2878.32224060305,2891.73735870389,3014.89898559949,1849.28817107457,5908.71252133745,2944.28593410939,6533.74925179599,6348.65676011627,5834.73514683021,7339.4927573983,6470.81696838308,6726.68046063834,7318.88063661879,7864.88840324676,7334.94417777555,7312.80451096738,8060.60866181999,6416.90913387313,0,1565.25273944992,4581.63144098835,6061.23811423467,2084.52719837922,4618.74614214862,4521.87451388058,4916.25948789542,3130.56292702192,4860.49676852909,3312.32199485167
"37",2234.82160307802,3082.26564877903,3387.53446510809,1696.42177037796,2814.01632122956,2147.018814131,2617.96681507243,2272.83695234309,1777.86315147971,3439.8110368191,2394.30417013504,2544.64360218758,2573.83714137772,3095.4729062394,3211.10863474274,3007.28829834633,3137.34741065304,3059.87802044609,3167.6084954443,3124.07905163295,1145.99309077356,4983.13299222395,2102.03396882399,5521.83090460859,5205.25774708812,4925.07145167684,6561.20161868004,5569.29067145792,5778.53235984536,6480.48523002694,7472.73292402509,6637.71924036016,6478.69593437125,7663.20588887333,6464.13522299772,1565.25273944992,0,3300.8735448868,4889.26668836157,3131.19295722659,5542.81316191648,5577.11020059433,6032.55182806064,4164.65923320622,5760.5529411751,4480.01896556911
"38",2083.5026962677,4253.42251130767,4874.19421209644,2551.50889564454,4429.13485253668,3846.51096038101,4440.38398853458,4082.54519480088,3980.13976528296,5356.09303004266,4234.44157860506,4640.98469916824,4075.56485854763,4693.0890900801,4721.7862948927,4619.91783503355,3263.70259330634,4065.25491703421,4370.15634433149,3867.63732414377,2813.12082817459,4150.65482803999,1112.50324950954,5253.51129962855,2178.28587829197,4443.10673083305,5792.78843988767,4771.00045522015,5171.68475983238,5626.4556583132,5428.10375270251,5619.82830692672,5540.22422185205,4798.33114147608,3555.77363199222,4581.63144098835,3300.8735448868,0,2967.51145682418,6884.96502158711,8649.04288983801,6095.60416718748,7259.93222515107,7334.87884504084,8783.44826296026,7076.79327168191
"39",3104.15565528211,5375.5705652247,5156.44033605869,3758.95963055609,4813.71804775175,4752.43226329055,4895.66382790417,4856.25494666412,5172.91808318445,6480.145907464,5325.32459185847,5834.02113082191,4837.95465430499,5599.84776970308,5513.89351890914,5501.60758932036,3224.78304198842,4579.61094256255,4821.61561498638,4209.65943108664,4017.79629823224,1275.54118027491,2578.53151943574,1854.66679817811,1703.3181531131,2619.08600693931,2413.46609767372,1770.77474664542,2515.5880858884,2257.29834018521,4665.68144362895,2900.16850601122,2870.38201874561,4782.01077116882,1969.02008499139,6061.23811423467,4889.26668836157,2967.51145682418,0,7090.74945032044,8116.86774883498,4555.17650279681,5797.47955883902,6844.71339559422,8258.96864023852,5844.17134516503
"40",4672.92936043796,4921.63907523815,5080.78906709908,4133.57052866876,4398.50659181863,3583.98410815812,4085.03385135401,3788.59413014029,2627.42902630709,3450.28387299545,3228.11973584152,2797.19887012788,3587.04928265391,3976.56218650272,4151.98437650849,3965.22047447277,4814.27247062373,4310.70416057264,4357.34537431538,4512.42894802688,3655.63073354482,6248.30658202745,4796.92073016363,7007.46541767305,7420.1838634248,6682.5124880001,7055.58054314921,6545.84516753571,7024.00003748168,6993.45848527242,6595.94852326664,6631.92137247211,6883.39608953273,6824.09085911466,4607.10843322873,2084.52719837922,3131.19295722659,6884.96502158711,7090.74945032044,0,3187.88794186144,3756.10277868362,4125.55643116457,1949.88787707026,3432.24159817485,2531.90986869481
"41",6725.38461606158,7575.17331240535,7446.19880255952,6361.58700045674,6818.39967694815,6065.5186502722,6489.13585884711,6259.45328817678,5115.76428114776,5873.68321209629,5685.06771290818,5240.10940630976,6024.08553292337,6430.04984790384,6578.02185917919,6427.91251781519,6902.71638503666,6838.64823928101,6781.13967096135,6866.46232406332,5869.93018122538,7061.71615732137,7125.22674972714,7839.97865506466,8300.19646991961,7830.3189012787,7713.94456841304,7335.23740763561,7865.24691662622,7664.49167449168,7259.94593097699,7226.95094980681,7627.90727071713,7425.65439136866,5348.84090359895,4618.74614214862,5542.81316191648,8649.04288983801,8116.86774883498,3187.88794186144,0,5698.31061076381,7167.26528337975,2442.76181641139,1792.95105352091,4496.1345777343
"42",5109.44620395114,6827.06592891903,6412.45898975401,5640.7326380314,5847.23270522692,5577.29429345954,5658.67157210101,5656.56162388735,5075.66856351101,5927.66752212246,5512.02737823593,5265.42910854819,5546.3692318388,6104.70088678386,6134.09134703257,6067.83731686293,4955.40064111592,5836.99934847953,5889.37972704407,5655.63945731408,5396.13350828196,3306.9424453983,5403.03782733608,3996.5204576101,4490.65555981458,4339.52152058581,3780.07676424363,3416.4055830522,3995.24031658786,3702.34114386892,3835.02131881324,3348.4653672318,3867.67232629395,3960.48126396239,2130.67377475536,4521.87451388058,5577.11020059433,6095.60416718748,4555.17650279681,3756.10277868362,5698.31061076381,0,2649.26735964342,4356.43743652175,6040.77049504602,2354.00104769432
"43",6101.18661365106,7605.50435761758,7204.98664036674,6364.44510600757,6661.11438940978,6276.33231283006,6416.8664065312,6388.20371343905,5562.23110248347,6335.86653588564,6020.72090072467,5692.87601820105,6237.19504712616,6746.37623107681,6815.4192109796,6723.39729491286,6040.52055981713,6676.93947487908,6708.47356435894,6573.77346495446,6052.76289881054,4398.22334572323,6422.40929475538,5166.0206009836,5757.60135980354,5459.77836514823,4841.4056582417,4495.37125222225,5072.71289090922,4773.10131333164,4741.55957305431,4391.24335273627,4893.25754767009,4857.03555997795,3026.36629940297,4916.25948789542,6032.55182806064,7259.93222515107,5797.47955883902,4125.55643116457,7167.26528337975,2649.26735964342,0,4892.89710183314,7353.16408540487,2560.34752468884
"44",5431.53297318832,6002.88031574666,5983.86997325908,5031.22465959623,5335.72789320126,4597.90452004688,5040.40485524782,4778.90851533731,3640.1652118329,4455.09143129128,4226.01555431448,3808.25266238627,4571.15415125717,4962.52270695438,5124.57082215446,4966.66733790487,5537.84866877484,5306.244936755,5311.44295527071,5425.83752539918,4552.61150785939,5860.70171575805,5624.27948242797,6574.7750594903,7134.01348829445,6538.84004025418,6445.11485758678,6062.54087572887,6552.64056900311,6442.65634917242,6075.45856318124,6002.36297875944,6408.62184281427,6246.4853939876,4128.43326623401,3130.56292702192,4164.65923320622,7334.87884504084,6844.71339559422,1949.88787707026,2442.76181641139,4356.43743652175,4892.89710183314,0,2647.65775385502,2819.02355509487
"45",6974.94428858891,7864.9108114727,7703.15383123455,6631.44430791559,7082.11513138565,6311.4812743467,6745.5789860988,6525.49003945496,5372.68257626997,6138.18274450823,5939.69550159336,5496.36191689014,6284.01906239494,6688.36771614607,6840.81821384125,6679.21775504027,7192.99103006251,7080.18911633375,7085.86242832024,7149.55064225458,6091.50507736439,7312.8960996256,7418.5046939128,8069.58598690871,8463.42129306825,8108.14018747705,7877.49825675626,7586.05763124292,8034.04714986709,7868.73510320233,7515.7897252372,7487.57869437998,7898.71088066256,7722.96221301326,5628.30521519512,4860.49676852909,5760.5529411751,8783.44826296026,8258.96864023852,3432.24159817485,1792.95105352091,6040.77049504602,7353.16408540487,2647.65775385502,0,4868.35136946961
"46",5343.7246868168,6122.74265789296,6125.70625715794,5233.9467083798,5479.86391928019,4829.44158903145,5192.90831869216,4967.61175270452,3942.00295721465,4764.77168759144,4470.42163021218,4104.26578419106,4818.73497395988,5236.99150156062,5371.34151065346,5231.34549631862,5332.47106486416,5441.66937042371,5487.86407987613,5489.53668378633,4854.29895903286,4700.91637916553,5667.07147740583,5454.15312268011,6054.72574358504,5548.89906503304,5162.17294668397,4847.57215284259,5359.14741394177,5139.16412941347,4766.50960449207,4623.7010190625,5094.03602558368,4915.10412980569,3007.68327165421,3312.32199485167,4480.01896556911,7076.79327168191,5844.17134516503,2531.90986869481,4496.1345777343,2354.00104769432,2560.34752468884,2819.02355509487,4868.35136946961,0
