"El_Hierro" "La_Palma" "La_Gomera" "Tenerife" "Gran_Canaria" "Fuerteventura" "Lanzarote"
"El_Hierro" 0 422.37 81.45 1754.9 1254.32 1366.05 527.67
"La_Palma" 422.37 0 340.92 1332.53 831.95 943.68 105.3
"La_Gomera" 81.45 340.92 0 1673.45 1172.87 1284.6 446.22
"Tenerife" 1754.9 1332.53 1673.45 0 500.58 388.85 1227.23
"Gran_Canaria" 1254.32 831.95 1172.87 500.58 0 111.73 726.65
"Fuerteventura" 1366.05 943.68 1284.6 388.85 111.73 0 838.38
"Lanzarote" 527.67 105.3 446.22 1227.23 726.65 838.38 0
