"El_Hierro" "La_Palma" "La_Gomera" "Tenerife" "Gran_Canaria" "Fuerteventura" "Lanzarote"
"El_Hierro" 0 0.235294117647059 0.189189189189189 0.372549019607843 0.36 0.481481481481481 0.5
"La_Palma" 0.235294117647059 0 0.282051282051282 0.320754716981132 0.346153846153846 0.464285714285714 0.48
"La_Gomera" 0.189189189189189 0.282051282051282 0 0.285714285714286 0.272727272727273 0.389830508474576 0.39622641509434
"Tenerife" 0.372549019607843 0.320754716981132 0.285714285714286 0 0.101449275362319 0.232876712328767 0.253731343283582
"Gran_Canaria" 0.36 0.346153846153846 0.272727272727273 0.101449275362319 0 0.194444444444444 0.242424242424242
"Fuerteventura" 0.481481481481481 0.464285714285714 0.389830508474576 0.232876712328767 0.194444444444444 0 0.142857142857143
"Lanzarote" 0.5 0.48 0.39622641509434 0.253731343283582 0.242424242424242 0.142857142857143 0
