"El_Hierro" "La_Palma" "La_Gomera" "Tenerife" "Gran_Canaria" "Fuerteventura" "Lanzarote"
"El_Hierro" 0 0.226215644820296 0.241650294695481 0.346031746031746 0.328743545611015 0.435700575815739 0.466933867735471
"La_Palma" 0.226215644820296 0 0.246268656716418 0.302891933028919 0.325657894736842 0.45985401459854 0.498098859315589
"La_Gomera" 0.241650294695481 0.246268656716418 0 0.261183261183261 0.27639751552795 0.410958904109589 0.455516014234875
"Tenerife" 0.346031746031746 0.302891933028919 0.261183261183261 0 0.231372549019608 0.381560283687943 0.408491947291362
"Gran_Canaria" 0.328743545611015 0.325657894736842 0.27639751552795 0.231372549019608 0 0.314024390243902 0.353312302839117
"Fuerteventura" 0.435700575815739 0.45985401459854 0.410958904109589 0.381560283687943 0.314024390243902 0 0.13588850174216
"Lanzarote" 0.466933867735471 0.498098859315589 0.455516014234875 0.408491947291362 0.353312302839117 0.13588850174216 0
