"El_Hierro" "La_Palma" "La_Gomera" "Tenerife" "Gran_Canaria" "Fuerteventura" "Lanzarote"
"El_Hierro" 0 0.225512528473804 0.245762711864407 0.343696027633851 0.325800376647834 0.430406852248394 0.463414634146341
"La_Palma" 0.225512528473804 0 0.243460764587525 0.301324503311258 0.323741007194245 0.459349593495935 0.5
"La_Gomera" 0.245762711864407 0.243460764587525 0 0.259026687598116 0.276740237691002 0.413333333333333 0.461689587426326
"Tenerife" 0.343696027633851 0.301324503311258 0.259026687598116 0 0.244252873563218 0.39873417721519 0.425324675324675
"Gran_Canaria" 0.325800376647834 0.323741007194245 0.276740237691002 0.244252873563218 0 0.328767123287671 0.366197183098592
"Fuerteventura" 0.430406852248394 0.459349593495935 0.413333333333333 0.39873417721519 0.328767123287671 0 0.134920634920635
"Lanzarote" 0.463414634146341 0.5 0.461689587426326 0.425324675324675 0.366197183098592 0.134920634920635 0
