"El_Hierro" "La_Palma" "La_Gomera" "Tenerife" "Gran_Canaria" "Fuerteventura" "Lanzarote"
"El_Hierro" 0 0.207459207459207 0.235807860262009 0.327239488117002 0.29718875502008 0.39622641509434 0.443099273607748
"La_Palma" 0.207459207459207 0 0.224742268041237 0.275261324041812 0.291428571428571 0.419068736141907 0.472727272727273
"La_Gomera" 0.235807860262009 0.224742268041237 0 0.243781094527363 0.256317689530686 0.383333333333333 0.44136460554371
"Tenerife" 0.327239488117002 0.275261324041812 0.243781094527363 0 0.237947122861586 0.398945518453427 0.43010752688172
"Gran_Canaria" 0.29718875502008 0.291428571428571 0.256317689530686 0.237947122861586 0 0.319230769230769 0.371316306483301
"Fuerteventura" 0.39622641509434 0.419068736141907 0.383333333333333 0.398945518453427 0.319230769230769 0 0.135632183908046
"Lanzarote" 0.443099273607748 0.472727272727273 0.44136460554371 0.43010752688172 0.371316306483301 0.135632183908046 0
