"El_Hierro" "La_Palma" "La_Gomera" "Tenerife" "Gran_Canaria" "Fuerteventura" "Lanzarote"
"El_Hierro" 0 0.225531914893617 0.240157480314961 0.342948717948718 0.327556325823224 0.433009708737864 0.464503042596349
"La_Palma" 0.225531914893617 0 0.243445692883895 0.301538461538462 0.326699834162521 0.460258780036969 0.499036608863198
"La_Gomera" 0.240157480314961 0.243445692883895 0 0.255813953488372 0.273010920436817 0.40587219343696 0.450628366247756
"Tenerife" 0.342948717948718 0.301538461538462 0.255813953488372 0 0.231175693527081 0.384172661870504 0.411589895988113
"Gran_Canaria" 0.327556325823224 0.326699834162521 0.273010920436817 0.231175693527081 0 0.314814814814815 0.354632587859425
"Fuerteventura" 0.433009708737864 0.460258780036969 0.40587219343696 0.384172661870504 0.314814814814815 0 0.138297872340426
"Lanzarote" 0.464503042596349 0.499036608863198 0.450628366247756 0.411589895988113 0.354632587859425 0.138297872340426 0
