"SMR" "SMG" "TER" "GRA" "SJG" "PIC" "FAI" "FLO" "COR"
"SMR" 0 4.08 4.6 5.62 7.57 7.86 7.4 5.96 7.41
"SMG" 4.08 0 0.52 1.54 3.49 3.78 3.32 1.88 3.33
"TER" 4.6 0.52 0 1.02 2.97 3.26 2.8 1.36 2.81
"GRA" 5.62 1.54 1.02 0 1.95 2.24 1.78 0.34 1.79
"SJG" 7.57 3.49 2.97 1.95 0 0.29 0.17 1.61 0.16
"PIC" 7.86 3.78 3.26 2.24 0.29 0 0.46 1.9 0.45
"FAI" 7.4 3.32 2.8 1.78 0.17 0.46 0 1.44 0.01
"FLO" 5.96 1.88 1.36 0.34 1.61 1.9 1.44 0 1.45
"COR" 7.41 3.33 2.81 1.79 0.16 0.45 0.01 1.45 0
