"SMR" "SMG" "TER" "GRA" "SJG" "PIC" "FAI" "FLO" "COR"
"SMR" 0 0.25 0.257731958762887 0.347826086956522 0.246073298429319 0.266331658291457 0.28125 0.274611398963731 0.255813953488372
"SMG" 0.25 0 0.0973451327433628 0.364705882352941 0.112107623318386 0.108225108225108 0.116071428571429 0.155555555555556 0.215686274509804
"TER" 0.257731958762887 0.0973451327433628 0 0.378048780487805 0.115207373271889 0.12 0.0917431192660551 0.168949771689498 0.202020202020202
"GRA" 0.347826086956522 0.364705882352941 0.378048780487805 0 0.354037267080745 0.396449704142012 0.358024691358025 0.398773006134969 0.352112676056338
"SJG" 0.246073298429319 0.112107623318386 0.115207373271889 0.354037267080745 0 0.0990990990990991 0.0976744186046512 0.148148148148148 0.2
"PIC" 0.266331658291457 0.108225108225108 0.12 0.396449704142012 0.0990990990990991 0 0.0941704035874439 0.169642857142857 0.241379310344828
"FAI" 0.28125 0.116071428571429 0.0917431192660551 0.358024691358025 0.0976744186046512 0.0941704035874439 0 0.152073732718894 0.204081632653061
"FLO" 0.274611398963731 0.155555555555556 0.168949771689498 0.398773006134969 0.148148148148148 0.169642857142857 0.152073732718894 0 0.137055837563452
"COR" 0.255813953488372 0.215686274509804 0.202020202020202 0.352112676056338 0.2 0.241379310344828 0.204081632653061 0.137055837563452 0
