"SMR" "SMG" "TER" "GRA" "SJG" "PIC" "FAI" "FLO" "COR"
"SMR" 0 0.260115606936416 0.253012048192771 0.361344537815126 0.240963855421687 0.267441860465116 0.281437125748503 0.27810650887574 0.271523178807947
"SMG" 0.260115606936416 0 0.0880829015544041 0.36986301369863 0.0984455958549223 0.115577889447236 0.123711340206186 0.153061224489796 0.213483146067416
"TER" 0.253012048192771 0.0880829015544041 0 0.366906474820144 0.0967741935483871 0.125 0.0802139037433155 0.153439153439153 0.192982456140351
"GRA" 0.361344537815126 0.36986301369863 0.366906474820144 0 0.366906474820144 0.406896551724138 0.371428571428571 0.394366197183099 0.354838709677419
"SJG" 0.240963855421687 0.0984455958549223 0.0967741935483871 0.366906474820144 0 0.0833333333333333 0.0909090909090909 0.142857142857143 0.192982456140351
"PIC" 0.267441860465116 0.115577889447236 0.125 0.406896551724138 0.0833333333333333 0 0.0984455958549223 0.158974358974359 0.242937853107345
"FAI" 0.281437125748503 0.123711340206186 0.0802139037433155 0.371428571428571 0.0909090909090909 0.0984455958549223 0 0.147368421052632 0.197674418604651
"FLO" 0.27810650887574 0.153061224489796 0.153439153439153 0.394366197183099 0.142857142857143 0.158974358974359 0.147368421052632 0 0.126436781609195
"COR" 0.271523178807947 0.213483146067416 0.192982456140351 0.354838709677419 0.192982456140351 0.242937853107345 0.197674418604651 0.126436781609195 0
