"SMR" "SMG" "TER" "GRA" "SJG" "PIC" "FAI" "FLO" "COR"
"SMR" 0 0.212121212121212 0.257142857142857 0.28 0.25 0.2 0.25 0.225806451612903 0.142857142857143
"SMG" 0.212121212121212 0 0.157894736842105 0.285714285714286 0.2 0.105263157894737 0.0857142857142857 0.176470588235294 0.225806451612903
"TER" 0.257142857142857 0.157894736842105 0 0.4 0.189189189189189 0.1 0.135135135135135 0.222222222222222 0.212121212121212
"GRA" 0.28 0.285714285714286 0.4 0 0.259259259259259 0.333333333333333 0.259259259259259 0.384615384615385 0.304347826086957
"SJG" 0.25 0.2 0.189189189189189 0.259259259259259 0 0.189189189189189 0.117647058823529 0.151515151515152 0.2
"PIC" 0.2 0.105263157894737 0.1 0.333333333333333 0.189189189189189 0 0.0810810810810811 0.222222222222222 0.212121212121212
"FAI" 0.25 0.0857142857142857 0.135135135135135 0.259259259259259 0.117647058823529 0.0810810810810811 0 0.151515151515152 0.2
"FLO" 0.225806451612903 0.176470588235294 0.222222222222222 0.384615384615385 0.151515151515152 0.222222222222222 0.151515151515152 0 0.172413793103448
"COR" 0.142857142857143 0.225806451612903 0.212121212121212 0.304347826086957 0.2 0.212121212121212 0.2 0.172413793103448 0
