"SMR" "SMG" "TER" "GRA" "SJG" "PIC" "FAI" "FLO" "COR"
"SMR" 0 0.25748502994012 0.257861635220126 0.36283185840708 0.245283018867925 0.280487804878049 0.2875 0.283950617283951 0.277777777777778
"SMG" 0.25748502994012 0 0.0851063829787234 0.380281690140845 0.0957446808510638 0.10880829015544 0.121693121693122 0.151832460732984 0.213872832369942
"TER" 0.257861635220126 0.0851063829787234 0 0.373134328358209 0.1 0.124324324324324 0.0828729281767956 0.158469945355191 0.2
"GRA" 0.36283185840708 0.380281690140845 0.373134328358209 0 0.373134328358209 0.410071942446043 0.377777777777778 0.401459854014599 0.361344537815126
"SJG" 0.245283018867925 0.0957446808510638 0.1 0.373134328358209 0 0.0810810810810811 0.0939226519337017 0.147540983606557 0.2
"PIC" 0.280487804878049 0.10880829015544 0.124324324324324 0.410071942446043 0.0810810810810811 0 0.0967741935483871 0.159574468085106 0.247058823529412
"FAI" 0.2875 0.121693121693122 0.0828729281767956 0.377777777777778 0.0939226519337017 0.0967741935483871 0 0.152173913043478 0.204819277108434
"FLO" 0.283950617283951 0.151832460732984 0.158469945355191 0.401459854014599 0.147540983606557 0.159574468085106 0.152173913043478 0 0.130952380952381
"COR" 0.277777777777778 0.213872832369942 0.2 0.361344537815126 0.2 0.247058823529412 0.204819277108434 0.130952380952381 0
