"SMR" "SMG" "TER" "GRA" "SJG" "PIC" "FAI" "FLO" "COR"
"SMR" 0 0.247422680412371 0.254054054054054 0.353383458646617 0.25 0.267015706806283 0.286486486486487 0.283422459893048 0.265060240963855
"SMG" 0.247422680412371 0 0.0875576036866359 0.36969696969697 0.101851851851852 0.103139013452915 0.115207373271889 0.150684931506849 0.212121212121212
"TER" 0.254054054054054 0.0875576036866359 0 0.371794871794872 0.111111111111111 0.121495327102804 0.0865384615384615 0.161904761904762 0.195767195767196
"GRA" 0.353383458646617 0.36969696969697 0.371794871794872 0 0.354838709677419 0.395061728395062 0.358974358974359 0.40506329113924 0.357664233576642
"SJG" 0.25 0.101851851851852 0.111111111111111 0.354838709677419 0 0.0892018779342723 0.0917874396135266 0.148325358851675 0.202127659574468
"PIC" 0.267015706806283 0.103139013452915 0.121495327102804 0.395061728395062 0.0892018779342723 0 0.0934579439252336 0.166666666666667 0.241025641025641
"FAI" 0.286486486486487 0.115207373271889 0.0865384615384615 0.358974358974359 0.0917874396135266 0.0934579439252336 0 0.152380952380952 0.206349206349206
"FLO" 0.283422459893048 0.150684931506849 0.161904761904762 0.40506329113924 0.148325358851675 0.166666666666667 0.152380952380952 0 0.141361256544503
"COR" 0.265060240963855 0.212121212121212 0.195767195767196 0.357664233576642 0.202127659574468 0.241025641025641 0.206349206349206 0.141361256544503 0
