"Espanola" "Fernandina" "Floreana" "Genovesa" "Isabela" "Marchena" "Pinta" "Pinzon" "San_Cristobal" "Santa_Cruz" "Santa_Fe" "Santiago"
"Espanola" 0 2.965 1.5 2.7 2.5 2.4 2.3 1.7 0.6 1.9 0.1 2.2
"Fernandina" 2.965 0 1.465 0.265 0.465 0.565 0.665 1.265 2.365 1.065 2.865 0.765
"Floreana" 1.5 1.465 0 1.2 1 0.9 0.8 0.2 0.9 0.4 1.4 0.7
"Genovesa" 2.7 0.265 1.2 0 0.2 0.3 0.4 1 2.1 0.8 2.6 0.5
"Isabela" 2.5 0.465 1 0.2 0 0.1 0.2 0.8 1.9 0.6 2.4 0.3
"Marchena" 2.4 0.565 0.9 0.3 0.1 0 0.1 0.7 1.8 0.5 2.3 0.2
"Pinta" 2.3 0.665 0.8 0.4 0.2 0.1 0 0.6 1.7 0.4 2.2 0.1
"Pinzon" 1.7 1.265 0.2 1 0.8 0.7 0.6 0 1.1 0.2 1.6 0.5
"San_Cristobal" 0.6 2.365 0.9 2.1 1.9 1.8 1.7 1.1 0 1.3 0.5 1.6
"Santa_Cruz" 1.9 1.065 0.4 0.8 0.6 0.5 0.4 0.2 1.3 0 1.8 0.3
"Santa_Fe" 0.1 2.865 1.4 2.6 2.4 2.3 2.2 1.6 0.5 1.8 0 2.1
"Santiago" 2.2 0.765 0.7 0.5 0.3 0.2 0.1 0.5 1.6 0.3 2.1 0
