"El_Hierro" "La_Palma" "La_Gomera" "Tenerife" "Gran_Canaria" "Fuerteventura" "Lanzarote"
"El_Hierro" 0 0.409090909090909 0.294117647058824 0.469879518072289 0.518072289156627 0.608247422680412 0.581395348837209
"La_Palma" 0.409090909090909 0 0.450980392156863 0.493975903614458 0.542168674698795 0.649484536082474 0.627906976744186
"La_Gomera" 0.294117647058824 0.450980392156863 0 0.377777777777778 0.4 0.538461538461538 0.526881720430108
"Tenerife" 0.469879518072289 0.493975903614458 0.377777777777778 0 0.19672131147541 0.308823529411765 0.312
"Gran_Canaria" 0.518072289156627 0.542168674698795 0.4 0.19672131147541 0 0.294117647058824 0.28
"Fuerteventura" 0.608247422680412 0.649484536082474 0.538461538461538 0.308823529411765 0.294117647058824 0 0.136690647482014
"Lanzarote" 0.581395348837209 0.627906976744186 0.526881720430108 0.312 0.28 0.136690647482014 0
