"El_Hierro" "La_Palma" "La_Gomera" "Tenerife" "Gran_Canaria" "Fuerteventura" "Lanzarote"
"El_Hierro" 0 0.249760765550239 0.244274809160305 0.343534812547819 0.3261231281198 0.406113537117904 0.420643729189789
"La_Palma" 0.249760765550239 0 0.245414847161572 0.290598290598291 0.317936874518861 0.437314906219151 0.468937875751503
"La_Gomera" 0.244274809160305 0.245414847161572 0 0.282160625444208 0.287250384024578 0.385826771653543 0.430569430569431
"Tenerife" 0.343534812547819 0.290598290598291 0.282160625444208 0 0.259449071108264 0.449411764705882 0.458730158730159
"Gran_Canaria" 0.3261231281198 0.317936874518861 0.287250384024578 0.259449071108264 0 0.393162393162393 0.41991341991342
"Fuerteventura" 0.406113537117904 0.437314906219151 0.385826771653543 0.449411764705882 0.393162393162393 0 0.176064441887227
"Lanzarote" 0.420643729189789 0.468937875751503 0.430569430569431 0.458730158730159 0.41991341991342 0.176064441887227 0
