"SMR" "SMG" "TER" "GRA" "SJG" "PIC" "FAI" "FLO" "COR"
"SMR" 0 0.333333333333333 0.333333333333333 0.2 0.142857142857143 0.25 0.142857142857143 0 0
"SMG" 0.333333333333333 0 0.333333333333333 0.2 0.428571428571429 0.25 0.142857142857143 0.333333333333333 0.333333333333333
"TER" 0.333333333333333 0.333333333333333 0 0.5 0.2 0.0909090909090909 0.2 0.333333333333333 0.333333333333333
"GRA" 0.2 0.2 0.5 0 0.333333333333333 0.428571428571429 0.333333333333333 0.2 0.2
"SJG" 0.142857142857143 0.428571428571429 0.2 0.333333333333333 0 0.333333333333333 0.25 0.142857142857143 0.142857142857143
"PIC" 0.25 0.25 0.0909090909090909 0.428571428571429 0.333333333333333 0 0.111111111111111 0.25 0.25
"FAI" 0.142857142857143 0.142857142857143 0.2 0.333333333333333 0.25 0.111111111111111 0 0.142857142857143 0.142857142857143
"FLO" 0 0.333333333333333 0.333333333333333 0.2 0.142857142857143 0.25 0.142857142857143 0 0
"COR" 0 0.333333333333333 0.333333333333333 0.2 0.142857142857143 0.25 0.142857142857143 0 0
