"Espanola" "Fernandina" "Floreana" "Genovesa" "Isabela" "Marchena" "Pinta" "Pinzon" "San_Cristobal" "Santa_Cruz" "Santa_Fe" "Santiago"
"Espanola" 0 0.48780487804878 0.365079365079365 0.457831325301205 0.450980392156863 0.558282208588957 0.40080971659919 0.299539170506912 0.406727828746177 0.417582417582418 0.287958115183246 0.424242424242424
"Fernandina" 0.48780487804878 0 0.350724637681159 0.602040816326531 0.291989664082687 0.55440414507772 0.292418772563177 0.506072874493927 0.394957983193277 0.375634517766497 0.529411764705882 0.322222222222222
"Floreana" 0.365079365079365 0.350724637681159 0 0.615094339622641 0.192982456140351 0.648854961832061 0.335260115606936 0.360759493670886 0.187793427230047 0.183585313174946 0.475862068965517 0.198135198135198
"Genovesa" 0.457831325301205 0.602040816326531 0.615094339622641 0 0.641693811074919 0.398230088495575 0.532994923857868 0.55688622754491 0.653429602888087 0.64968152866242 0.404255319148936 0.614285714285714
"Isabela" 0.450980392156863 0.291989664082687 0.192982456140351 0.641693811074919 0 0.657894736842105 0.329896907216495 0.463687150837989 0.192307692307692 0.132673267326733 0.55421686746988 0.142250530785563
"Marchena" 0.558282208588957 0.55440414507772 0.648854961832061 0.398230088495575 0.657894736842105 0 0.505154639175258 0.646341463414634 0.642335766423358 0.672025723472669 0.478260869565217 0.646209386281588
"Pinta" 0.40080971659919 0.292418772563177 0.335260115606936 0.532994923857868 0.329896907216495 0.505154639175258 0 0.370967741935484 0.363128491620112 0.356962025316456 0.414414414414414 0.290858725761773
"Pinzon" 0.299539170506912 0.506072874493927 0.360759493670886 0.55688622754491 0.463687150837989 0.646341463414634 0.370967741935484 0 0.439024390243902 0.435616438356164 0.40625 0.419939577039275
"San_Cristobal" 0.406727828746177 0.394957983193277 0.187793427230047 0.653429602888087 0.192307692307692 0.642335766423358 0.363128491620112 0.439024390243902 0 0.166315789473684 0.516556291390728 0.206349206349206
"Santa_Cruz" 0.417582417582418 0.375634517766497 0.183585313174946 0.64968152866242 0.132673267326733 0.672025723472669 0.356962025316456 0.435616438356164 0.166315789473684 0 0.533923303834808 0.142259414225941
"Santa_Fe" 0.287958115183246 0.529411764705882 0.475862068965517 0.404255319148936 0.55421686746988 0.478260869565217 0.414414414414414 0.40625 0.516556291390728 0.533923303834808 0 0.495081967213115
"Santiago" 0.424242424242424 0.322222222222222 0.198135198135198 0.614285714285714 0.142250530785563 0.646209386281588 0.290858725761773 0.419939577039275 0.206349206349206 0.142259414225941 0.495081967213115 0
